## COLOR PALETTES USED FOR PLOTTING ##

SSP_COLORS <-
  c(
    "ssp119" = "#00a9cf",
    "ssp126" = "#003466",
    "ssp245" = "#f69320",
    "ssp370" = "#df0000",
    "ssp434" = "#2274ae",
    "ssp460" = "#b0724e",
    "ssp585" = "#980002",
    "historical" = "#000000",
    "historical" = "#92397a"
  )

ECS_COLORS <-
  c("IPCC AR6" = "#003466",
    "Baseline" =  "#00a9cf",
    "No Process" = "#BDC881",
    "No Historical" = "#EBCC2A",
    "No Paleoclimate" = "#F21A00",
    "Baseline + Emergent constraints" =  "#550307"
  )

TEMP_PROBABILITY_COLORS <-
  c(
    "0 to 1.0 C" = "navyblue",
    "1.0 to 1.5 C" = "#2166AC",
    "1.5 to 2.0 C" = "#4393C3",
    "2.0 to 2.5 C" = "#D1E5f0",
    "2.5 to 3.0 C" = "#FDDBC7",
    "3.0 to 3.5 C" = "#F4A582",
    "3.5 to 4.0 C" = "#D6604D",
    "4.0 to 4.5 C" = "#B2182B",
    "4.5+ C" = "#67001F"
  )

